6.015554739000436
4.453778455000247
3.9342011970002204
3.738346000999627
3.4613016209996204
3.3689358170004198
4.041004912999597
4.07617973700053
3.73189209299926
3.952749591000611
3.6861153919999197
3.6853843039998537
3.972021757999755
4.691785181999876
4.05872941600046
4.159052154000165
3.902315837999595
4.06417142600003
3.962748422999539
3.7366371979996984
4.50377051400028
4.131886406000376
4.7159993739996935
5.011594984999647
4.642062705999706
4.759442988999581
5.205181287000414
4.377365059999647
4.318268339000497
4.575941602999592
4.378762180000194
4.312593108999863
5.379771216000336
4.204018929000085
4.716284257000552
4.585980106000534
4.400308553999821
4.750125690000459
4.491755394999927
4.380092018000141
