6.064284976000636
4.480724035000094
3.862297574999502
3.5702086669998607
3.36999766200006
3.3069026540006234
4.018770239999867
3.86122162600077
3.812102366000545
3.7849981780000235
3.7016267059998427
3.588894251000056
3.771454290999827
4.1946086719999585
3.9488278439994247
3.763939747999757
4.208964540999659
3.8760707270002968
4.122054417999607
4.045114714000192
3.8591196219995254
3.9941062979996786
4.1704084460006925
4.012445963999198
4.043659808000484
4.1766640360001475
4.000567729999602
4.187518866000573
4.07751543500035
4.3291448969994235
4.754867831999945
4.510402165999949
5.023349043999588
4.863649910999811
5.846729421999953
4.456566696000664
4.761461597000562
4.628059331999793
4.424997002000055
4.689654554999834
4.5980492740000045
4.564761933999762
4.950586277999719
4.587163807000252
4.581981099999211
4.69801744400047
4.929421406000074
5.200759263999316
4.89106350199927
4.8702867269994385
5.213397712999722
5.069638463999581
5.131976622000366
5.386774287000662
5.1956540680002945
5.3449756980007805
5.362478946999545
5.036237186001017
5.012381126000037
4.996079283999279
5.567119930999979
5.332566563
5.222300158999133
5.273248135999893
5.5755966439992335
5.420024646000456
5.445518806000109
5.876751630999934
5.616803885000991
5.454980193000665
5.529592064000099
5.517693949999739
5.489218143000471
5.604625547999603
5.563316571000541
5.760881104000873
5.557858803000272
5.8635979409991705
6.099758530999679
6.166268322998803
6.463100184999348
5.837344692999977
6.101831838999715
5.937630319998789
6.204640558000392
6.247171020000678
6.452412660999471
6.127611989999423
5.957113282000137
6.116825536999386
6.868169135001153
6.381522977000714
6.186015580999083
6.413968515998931
6.510993241001415
6.544102956999268
6.386589720999837
6.314844741998968
6.398157754998465
6.279955834001157
