6.18617797800016
4.503934538000067
3.9732325759996456
3.796060509000199
3.432652378000057
3.384159840999928
3.9598542570001882
3.7529931429999124
3.523077646999809
3.873937575999662
3.7724334049999015
3.5328165739992983
3.741430107999804
4.247399658999711
4.154954967999402
3.870537185000103
4.0006244010000955
4.066329026999483
4.162015795000116
4.253555306000635
4.341986943999473
3.989954709999438
4.070708987000216
4.555999862000135
4.213697418000265
4.367825493000055
4.562089279999782
4.3720497149997755
4.303418095999405
4.576532015000339
5.238279003000571
4.811711067999568
4.9190712939998775
4.642877430000226
4.965588011000364
4.61180743299974
4.435742345999643
4.710800804999963
5.06380936000005
4.846267926999644
